1 2 1
2 1 1
3 1 1
3 2 1
2 3 1
4 1 1
5 1 1
6 1 1
7 1 1
8 1 1
9 1 1
10 1 1
11 1 1
12 1 1
13 1 1
14 1 1
15 1 1
16 1 1
17 1 1
18 1 1
19 1 1
20 1 1
21 1 1
22 1 1
23 1 1
24 1 1
25 1 1
26 1 1
27 1 1
28 1 1
29 1 1
30 1 1
31 1 1
32 1 1
33 1 1
34 1 1
35 1 1
36 1 1
37 1 1
38 1 1
39 1 1
40 1 1
41 1 1
42 1 1
43 1 1
44 1 1
45 1 1
46 1 1
47 1 1
48 1 1
49 1 1
50 1 1
51 1 1
52 1 1
53 1 1
54 1 1
55 1 1
56 1 1
57 1 1
58 1 1
59 1 1
60 1 1
61 1 1
62 1 1
63 1 1
64 1 1
65 1 1
66 1 1
67 1 1
68 1 1
69 1 1
70 1 1
71 1 1
72 1 1
73 1 1
74 1 1
75 1 1
76 1 1
77 1 1
78 1 1
79 1 1
80 1 1
81 1 1
82 1 1
83 1 1
84 1 1
85 1 1
86 1 1
87 1 1
88 1 1
89 1 1
90 1 1
91 1 1
92 1 1
93 1 1
94 1 1
95 1 1
96 1 1
97 1 1
98 1 1
99 1 1
100 1 1
101 1 1
102 1 1
103 1 1
104 1 1
105 1 1
106 1 1
107 1 1
108 1 1
109 1 1
110 1 1
111 1 1
112 1 1
113 1 1
114 1 1
115 1 1
116 1 1
117 1 1
118 1 1
119 1 1
120 1 1
121 1 1
122 1 1
123 1 1
124 1 1
125 1 1
126 1 1
127 1 1
128 1 1
129 1 1
130 1 1
131 1 1
132 1 1
133 1 1
134 1 1
135 1 1
136 1 1
137 1 1
138 1 1
139 1 1
140 1 1
141 1 1
142 1 1
143 1 1
144 1 1
145 1 1
146 1 1
147 1 1
148 1 1
149 1 1
150 1 1
151 1 1
152 1 1
153 1 1
154 1 1
155 1 1
156 1 1
157 1 1
158 1 1
159 1 1
160 1 1
161 1 1
162 1 1
163 1 1
164 1 1
165 1 1
166 1 1
167 1 1
168 1 1
169 1 1
170 1 1
171 1 1
172 1 1
173 1 1
174 1 1
175 1 1
176 1 1
177 1 1
178 1 1
179 1 1
180 1 1
181 1 1
182 1 1
183 1 1
184 1 1
185 1 1
186 1 1
187 1 1
188 1 1
189 1 1
190 1 1
191 1 1
192 1 1
193 1 1
194 1 1
195 1 1
196 1 1
197 1 1
198 1 1
199 1 1
200 1 1
201 1 1
202 1 1
203 1 1
204 1 1
205 1 1
206 1 1
207 1 1
208 1 1
209 1 1
210 1 1
211 1 1
212 1 1
213 1 1
214 1 1
215 1 1
216 1 1
217 1 1
218 1 1
219 1 1
220 1 1
221 1 1
222 1 1
223 1 1
224 1 1
225 1 1
226 1 1
227 1 1
228 1 1
229 1 1
230 1 1
231 1 1
232 1 1
233 1 1
234 1 1
235 1 1
236 1 1
237 1 1
238 1 1
239 1 1
240 1 1
241 1 1
242 1 1
243 1 1
244 1 1
245 1 1
246 1 1
247 1 1
248 1 1
249 1 1
250 1 1
251 1 1
252 1 1
253 1 1
254 1 1
255 1 1
256 1 1
257 1 1
258 1 1
259 1 1
260 1 1
261 1 1
262 1 1
263 1 1
264 1 1
265 1 1
266 1 1
267 1 1
268 1 1
269 1 1
270 1 1
271 1 1
272 1 1
273 1 1
274 1 1
275 1 1
276 1 1
277 1 1
278 1 1
279 1 1
280 1 1
281 1 1
282 1 1
283 1 1
284 1 1
285 1 1
286 1 1
287 1 1
288 1 1
289 1 1
290 1 1
291 1 1
292 1 1
293 1 1
294 1 1
295 1 1
296 1 1
297 1 1
298 1 1
299 1 1
300 1 1
301 1 1
302 1 1
303 1 1
304 1 1
305 1 1
306 1 1
307 1 1
308 1 1
309 1 1
310 1 1
311 1 1
312 1 1
313 1 1
314 1 1
315 1 1
316 1 1
317 1 1
318 1 1
319 1 1
320 1 1
321 1 1
322 1 1
323 1 1
324 1 1
325 1 1
326 1 1
327 1 1
328 1 1
329 1 1
330 1 1
331 1 1
332 1 1
333 1 1
334 1 1
335 1 1
336 1 1
337 1 1
338 1 1
339 1 1
340 1 1
341 1 1
342 1 1
343 1 1
344 1 1
345 1 1
346 1 1
347 1 1
348 1 1
349 1 1
350 1 1
351 1 1
352 1 1
353 1 1
354 1 1
355 1 1
356 1 1
357 1 1
358 1 1
359 1 1
360 1 1
361 1 1
362 1 1
363 1 1
364 1 1
365 1 1
366 1 1
367 1 1
368 1 1
369 1 1
370 1 1
371 1 1
372 1 1
373 1 1
374 1 1
375 1 1
376 1 1
377 1 1
378 1 1
379 1 1
380 1 1
381 1 1
382 1 1
383 1 1
384 1 1
385 1 1
386 1 1
387 1 1
388 1 1
389 1 1
390 1 1
391 1 1
392 1 1
393 1 1
394 1 1
395 1 1
396 1 1
397 1 1
398 1 1
399 1 1
400 1 1
401 1 1
402 1 1
403 1 1
404 1 1
405 1 1
406 1 1
407 1 1
408 1 1
409 1 1
410 1 1
411 1 1
412 1 1
413 1 1
414 1 1
415 1 1
416 1 1
417 1 1
418 1 1
419 1 1
420 1 1
421 1 1
422 1 1
423 1 1
424 1 1
425 1 1
426 1 1
427 1 1
428 1 1
429 1 1
430 1 1
431 1 1
432 1 1
433 1 1
434 1 1
435 1 1
436 1 1
437 1 1
438 1 1
439 1 1
440 1 1
441 1 1
442 1 1
443 1 1
444 1 1
445 1 1
446 1 1
447 1 1
448 1 1
449 1 1
450 1 1
451 1 1
452 1 1
453 1 1
454 1 1
455 1 1
456 1 1
457 1 1
458 1 1
459 1 1
460 1 1
461 1 1
462 1 1
463 1 1
464 1 1
465 1 1
466 1 1
467 1 1
468 1 1
469 1 1
470 1 1
471 1 1
472 1 1
473 1 1
474 1 1
475 1 1
476 1 1
477 1 1
478 1 1
479 1 1
480 1 1
481 1 1
482 1 1
483 1 1
484 1 1
485 1 1
486 1 1
487 1 1
488 1 1
489 1 1
490 1 1
491 1 1
492 1 1
493 1 1
494 1 1
495 1 1
496 1 1
497 1 1
498 1 1
499 1 1
500 1 1
501 1 1
502 1 1
503 1 1
504 1 1
505 1 1
506 1 1
507 1 1
508 1 1
509 1 1
510 1 1
511 1 1
512 1 1
513 1 1
514 1 1
515 1 1
516 1 1
517 1 1
518 1 1
519 1 1
520 1 1
521 1 1
522 1 1
523 1 1
524 1 1
525 1 1
526 1 1
527 1 1
528 1 1
529 1 1
530 1 1
531 1 1
532 1 1
533 1 1
534 1 1
535 1 1
536 1 1
537 1 1
538 1 1
539 1 1
540 1 1
541 1 1
542 1 1
543 1 1
544 1 1
545 1 1
546 1 1
547 1 1
548 1 1
549 1 1
550 1 1
551 1 1
552 1 1
553 1 1
554 1 1
555 1 1
556 1 1
557 1 1
558 1 1
559 1 1
560 1 1
561 1 1
562 1 1
563 1 1
564 1 1
565 1 1
566 1 1
567 1 1
568 1 1
569 1 1
570 1 1
571 1 1
572 1 1
573 1 1
574 1 1
575 1 1
576 1 1
577 1 1
578 1 1
579 1 1
580 1 1
581 1 1
582 1 1
583 1 1
584 1 1
585 1 1
586 1 1
587 1 1
588 1 1
589 1 1
590 1 1
591 1 1
592 1 1
593 1 1
594 1 1
595 1 1
596 1 1
597 1 1
598 1 1
599 1 1
600 1 1
601 1 1
602 1 1
603 1 1
604 1 1
605 1 1
606 1 1
607 1 1
608 1 1
609 1 1
610 1 1
611 1 1
612 1 1
613 1 1
614 1 1
615 1 1
616 1 1
617 1 1
618 1 1
619 1 1
620 1 1
621 1 1
622 1 1
623 1 1
624 1 1
625 1 1
626 1 1
627 1 1
628 1 1
629 1 1
630 1 1
631 1 1
632 1 1
633 1 1
634 1 1
635 1 1
636 1 1
637 1 1
638 1 1
639 1 1
640 1 1
641 1 1
642 1 1
643 1 1
644 1 1
645 1 1
646 1 1
647 1 1
648 1 1
649 1 1
650 1 1
651 1 1
652 1 1
653 1 1
654 1 1
655 1 1
656 1 1
657 1 1
658 1 1
659 1 1
660 1 1
661 1 1
662 1 1
663 1 1
664 1 1
665 1 1
666 1 1
667 1 1
668 1 1
669 1 1
670 1 1
671 1 1
672 1 1
673 1 1
674 1 1
675 1 1
676 1 1
677 1 1
678 1 1
679 1 1
680 1 1
681 1 1
682 1 1
683 1 1
684 1 1
685 1 1
686 1 1
687 1 1
688 1 1
689 1 1
690 1 1
691 1 1
692 1 1
693 1 1
694 1 1
695 1 1
696 1 1
697 1 1
698 1 1
699 1 1
700 1 1
701 1 1
702 1 1
703 1 1
704 1 1
705 1 1
706 1 1
707 1 1
708 1 1
709 1 1
710 1 1
711 1 1
712 1 1
713 1 1
714 1 1
715 1 1
716 1 1
717 1 1
718 1 1
719 1 1
720 1 1
721 1 1
722 1 1
723 1 1
724 1 1
725 1 1
726 1 1
727 1 1
728 1 1
729 1 1
730 1 1
731 1 1
732 1 1
733 1 1
734 1 1
735 1 1
736 1 1
737 1 1
738 1 1
739 1 1
740 1 1
741 1 1
742 1 1
743 1 1
744 1 1
745 1 1
746 1 1
747 1 1
748 1 1
749 1 1
750 1 1
751 1 1
752 1 1
753 1 1
754 1 1
755 1 1
756 1 1
757 1 1
758 1 1
759 1 1
760 1 1
761 1 1
762 1 1
763 1 1
764 1 1
765 1 1
766 1 1
767 1 1
768 1 1
769 1 1
770 1 1
771 1 1
772 1 1
773 1 1
774 1 1
775 1 1
776 1 1
777 1 1
778 1 1
779 1 1
780 1 1
781 1 1
782 1 1
783 1 1
784 1 1
785 1 1
786 1 1
787 1 1
788 1 1
789 1 1
790 1 1
791 1 1
792 1 1
793 1 1
794 1 1
795 1 1
796 1 1
797 1 1
798 1 1
799 1 1
800 1 1
801 1 1
802 1 1
803 1 1
804 1 1
805 1 1
806 1 1
807 1 1
808 1 1
809 1 1
810 1 1
811 1 1
812 1 1
813 1 1
814 1 1
815 1 1
816 1 1
817 1 1
818 1 1
819 1 1
820 1 1
821 1 1
822 1 1
823 1 1
824 1 1
825 1 1
826 1 1
827 1 1
828 1 1
829 1 1
830 1 1
831 1 1
832 1 1
833 1 1
834 1 1
835 1 1
836 1 1
837 1 1
838 1 1
839 1 1
840 1 1
841 1 1
842 1 1
843 1 1
844 1 1
845 1 1
846 1 1
847 1 1
848 1 1
849 1 1
850 1 1
851 1 1
852 1 1
853 1 1
854 1 1
855 1 1
856 1 1
857 1 1
858 1 1
859 1 1
860 1 1
861 1 1
862 1 1
863 1 1
864 1 1
865 1 1
866 1 1
867 1 1
868 1 1
869 1 1
870 1 1
871 1 1
872 1 1
873 1 1
874 1 1
875 1 1
876 1 1
877 1 1
878 1 1
879 1 1
880 1 1
881 1 1
882 1 1
883 1 1
884 1 1
885 1 1
886 1 1
887 1 1
888 1 1
889 1 1
890 1 1
891 1 1
892 1 1
893 1 1
894 1 1
895 1 1
896 1 1
897 1 1
898 1 1
899 1 1
900 1 1
901 1 1
902 1 1
903 1 1
904 1 1
905 1 1
906 1 1
907 1 1
908 1 1
909 1 1
910 1 1
911 1 1
912 1 1
913 1 1
914 1 1
915 1 1
916 1 1
917 1 1
918 1 1
919 1 1
920 1 1
921 1 1
922 1 1
923 1 1
924 1 1
925 1 1
926 1 1
927 1 1
928 1 1
929 1 1
930 1 1
931 1 1
932 1 1
933 1 1
934 1 1
935 1 1
936 1 1
937 1 1
938 1 1
939 1 1
940 1 1
941 1 1
942 1 1
943 1 1
944 1 1
945 1 1
946 1 1
947 1 1
948 1 1
949 1 1
950 1 1
951 1 1
952 1 1
953 1 1
954 1 1
955 1 1
956 1 1
957 1 1
958 1 1
959 1 1
960 1 1
961 1 1
962 1 1
963 1 1
964 1 1
965 1 1
966 1 1
967 1 1
968 1 1
969 1 1
970 1 1
971 1 1
972 1 1
973 1 1
974 1 1
975 1 1
976 1 1
977 1 1
978 1 1
979 1 1
980 1 1
981 1 1
982 1 1
983 1 1
984 1 1
985 1 1
986 1 1
987 1 1
988 1 1
989 1 1
990 1 1
991 1 1
992 1 1
993 1 1
994 1 1
995 1 1
996 1 1
997 1 1
998 1 1
999 1 1
1 2 87000
2 1 87000
3 1 87000
3 2 87000
2 3 87000
1004 1 87000
1005 1 87000
1006 1 87000
1007 1 87000
1008 1 87000
1009 1 87000
1010 1 87000
1011 1 87000
1012 1 87000
1013 1 87000
1014 1 87000
1015 1 87000
1016 1 87000
1017 1 87000
1018 1 87000
1019 1 87000
1020 1 87000
1021 1 87000
1022 1 87000
1023 1 87000
1024 1 87000
1025 1 87000
1026 1 87000
1027 1 87000
1028 1 87000
1029 1 87000
1030 1 87000
1031 1 87000
1032 1 87000
1033 1 87000
1034 1 87000
1035 1 87000
1036 1 87000
1037 1 87000
1038 1 87000
1039 1 87000
1040 1 87000
1041 1 87000
1042 1 87000
1043 1 87000
1044 1 87000
1045 1 87000
1046 1 87000
1047 1 87000
1048 1 87000
1049 1 87000
1050 1 87000
1051 1 87000
1052 1 87000
1053 1 87000
1054 1 87000
1055 1 87000
1056 1 87000
1057 1 87000
1058 1 87000
1059 1 87000
1060 1 87000
1061 1 87000
1062 1 87000
1063 1 87000
1064 1 87000
1065 1 87000
1066 1 87000
1067 1 87000
1068 1 87000
1069 1 87000
1070 1 87000
1071 1 87000
1072 1 87000
1073 1 87000
1074 1 87000
1075 1 87000
1076 1 87000
1077 1 87000
1078 1 87000
1079 1 87000
1080 1 87000
1081 1 87000
1082 1 87000
1083 1 87000
1084 1 87000
1085 1 87000
1086 1 87000
1087 1 87000
1088 1 87000
1089 1 87000
1090 1 87000
1091 1 87000
1092 1 87000
1093 1 87000
1094 1 87000
1095 1 87000
1096 1 87000
1097 1 87000
1098 1 87000
1099 1 87000
1100 1 87000
1101 1 87000
1102 1 87000
1103 1 87000
1104 1 87000
1105 1 87000
1106 1 87000
1107 1 87000
1108 1 87000
1109 1 87000
1110 1 87000
1111 1 87000
1112 1 87000
1113 1 87000
1114 1 87000
1115 1 87000
1116 1 87000
1117 1 87000
1118 1 87000
1119 1 87000
1120 1 87000
1121 1 87000
1122 1 87000
1123 1 87000
1124 1 87000
1125 1 87000
1126 1 87000
1127 1 87000
1128 1 87000
1129 1 87000
1130 1 87000
1131 1 87000
1132 1 87000
1133 1 87000
1134 1 87000
1135 1 87000
1136 1 87000
1137 1 87000
1138 1 87000
1139 1 87000
1140 1 87000
1141 1 87000
1142 1 87000
1143 1 87000
1144 1 87000
1145 1 87000
1146 1 87000
1147 1 87000
1148 1 87000
1149 1 87000
1150 1 87000
1151 1 87000
1152 1 87000
1153 1 87000
1154 1 87000
1155 1 87000
1156 1 87000
1157 1 87000
1158 1 87000
1159 1 87000
1160 1 87000
1161 1 87000
1162 1 87000
1163 1 87000
1164 1 87000
1165 1 87000
1166 1 87000
1167 1 87000
1168 1 87000
1169 1 87000
1170 1 87000
1171 1 87000
1172 1 87000
1173 1 87000
1174 1 87000
1175 1 87000
1176 1 87000
1177 1 87000
1178 1 87000
1179 1 87000
1180 1 87000
1181 1 87000
1182 1 87000
1183 1 87000
1184 1 87000
1185 1 87000
1186 1 87000
1187 1 87000
1188 1 87000
1189 1 87000
1190 1 87000
1191 1 87000
1192 1 87000
1193 1 87000
1194 1 87000
1195 1 87000
1196 1 87000
1197 1 87000
1198 1 87000
1199 1 87000
1200 1 87000
1201 1 87000
1202 1 87000
1203 1 87000
1204 1 87000
1205 1 87000
1206 1 87000
1207 1 87000
1208 1 87000
1209 1 87000
1210 1 87000
1211 1 87000
1212 1 87000
1213 1 87000
1214 1 87000
1215 1 87000
1216 1 87000
1217 1 87000
1218 1 87000
1219 1 87000
1220 1 87000
1221 1 87000
1222 1 87000
1223 1 87000
1224 1 87000
1225 1 87000
1226 1 87000
1227 1 87000
1228 1 87000
1229 1 87000
1230 1 87000
1231 1 87000
1232 1 87000
1233 1 87000
1234 1 87000
1235 1 87000
1236 1 87000
1237 1 87000
1238 1 87000
1239 1 87000
1240 1 87000
1241 1 87000
1242 1 87000
1243 1 87000
1244 1 87000
1245 1 87000
1246 1 87000
1247 1 87000
1248 1 87000
1249 1 87000
1250 1 87000
1251 1 87000
1252 1 87000
1253 1 87000
1254 1 87000
1255 1 87000
1256 1 87000
1257 1 87000
1258 1 87000
1259 1 87000
1260 1 87000
1261 1 87000
1262 1 87000
1263 1 87000
1264 1 87000
1265 1 87000
1266 1 87000
1267 1 87000
1268 1 87000
1269 1 87000
1270 1 87000
1271 1 87000
1272 1 87000
1273 1 87000
1274 1 87000
1275 1 87000
1276 1 87000
1277 1 87000
1278 1 87000
1279 1 87000
1280 1 87000
1281 1 87000
1282 1 87000
1283 1 87000
1284 1 87000
1285 1 87000
1286 1 87000
1287 1 87000
1288 1 87000
1289 1 87000
1290 1 87000
1291 1 87000
1292 1 87000
1293 1 87000
1294 1 87000
1295 1 87000
1296 1 87000
1297 1 87000
1298 1 87000
1299 1 87000
1300 1 87000
1301 1 87000
1302 1 87000
1303 1 87000
1304 1 87000
1305 1 87000
1306 1 87000
1307 1 87000
1308 1 87000
1309 1 87000
1310 1 87000
1311 1 87000
1312 1 87000
1313 1 87000
1314 1 87000
1315 1 87000
1316 1 87000
1317 1 87000
1318 1 87000
1319 1 87000
1320 1 87000
1321 1 87000
1322 1 87000
1323 1 87000
1324 1 87000
1325 1 87000
1326 1 87000
1327 1 87000
1328 1 87000
1329 1 87000
1330 1 87000
1331 1 87000
1332 1 87000
1333 1 87000
1334 1 87000
1335 1 87000
1336 1 87000
1337 1 87000
1338 1 87000
1339 1 87000
1340 1 87000
1341 1 87000
1342 1 87000
1343 1 87000
1344 1 87000
1345 1 87000
1346 1 87000
1347 1 87000
1348 1 87000
1349 1 87000
1350 1 87000
1351 1 87000
1352 1 87000
1353 1 87000
1354 1 87000
1355 1 87000
1356 1 87000
1357 1 87000
1358 1 87000
1359 1 87000
1360 1 87000
1361 1 87000
1362 1 87000
1363 1 87000
1364 1 87000
1365 1 87000
1366 1 87000
1367 1 87000
1368 1 87000
1369 1 87000
1370 1 87000
1371 1 87000
1372 1 87000
1373 1 87000
1374 1 87000
1375 1 87000
1376 1 87000
1377 1 87000
1378 1 87000
1379 1 87000
1380 1 87000
1381 1 87000
1382 1 87000
1383 1 87000
1384 1 87000
1385 1 87000
1386 1 87000
1387 1 87000
1388 1 87000
1389 1 87000
1390 1 87000
1391 1 87000
1392 1 87000
1393 1 87000
1394 1 87000
1395 1 87000
1396 1 87000
1397 1 87000
1398 1 87000
1399 1 87000
1400 1 87000
1401 1 87000
1402 1 87000
1403 1 87000
1404 1 87000
1405 1 87000
1406 1 87000
1407 1 87000
1408 1 87000
1409 1 87000
1410 1 87000
1411 1 87000
1412 1 87000
1413 1 87000
1414 1 87000
1415 1 87000
1416 1 87000
1417 1 87000
1418 1 87000
1419 1 87000
1420 1 87000
1421 1 87000
1422 1 87000
1423 1 87000
1424 1 87000
1425 1 87000
1426 1 87000
1427 1 87000
1428 1 87000
1429 1 87000
1430 1 87000
1431 1 87000
1432 1 87000
1433 1 87000
1434 1 87000
1435 1 87000
1436 1 87000
1437 1 87000
1438 1 87000
1439 1 87000
1440 1 87000
1441 1 87000
1442 1 87000
1443 1 87000
1444 1 87000
1445 1 87000
1446 1 87000
1447 1 87000
1448 1 87000
1449 1 87000
1450 1 87000
1451 1 87000
1452 1 87000
1453 1 87000
1454 1 87000
1455 1 87000
1456 1 87000
1457 1 87000
1458 1 87000
1459 1 87000
1460 1 87000
1461 1 87000
1462 1 87000
1463 1 87000
1464 1 87000
1465 1 87000
1466 1 87000
1467 1 87000
1468 1 87000
1469 1 87000
1470 1 87000
1471 1 87000
1472 1 87000
1473 1 87000
1474 1 87000
1475 1 87000
1476 1 87000
1477 1 87000
1478 1 87000
1479 1 87000
1480 1 87000
1481 1 87000
1482 1 87000
1483 1 87000
1484 1 87000
1485 1 87000
1486 1 87000
1487 1 87000
1488 1 87000
1489 1 87000
1490 1 87000
1491 1 87000
1492 1 87000
1493 1 87000
1494 1 87000
1495 1 87000
1496 1 87000
1497 1 87000
1498 1 87000
1499 1 87000
1500 1 87000
1501 1 87000
1502 1 87000
1503 1 87000
1504 1 87000
1505 1 87000
1506 1 87000
1507 1 87000
1508 1 87000
1509 1 87000
1510 1 87000
1511 1 87000
1512 1 87000
1513 1 87000
1514 1 87000
1515 1 87000
1516 1 87000
1517 1 87000
1518 1 87000
1519 1 87000
1520 1 87000
1521 1 87000
1522 1 87000
1523 1 87000
1524 1 87000
1525 1 87000
1526 1 87000
1527 1 87000
1528 1 87000
1529 1 87000
1530 1 87000
1531 1 87000
1532 1 87000
1533 1 87000
1534 1 87000
1535 1 87000
1536 1 87000
1537 1 87000
1538 1 87000
1539 1 87000
1540 1 87000
1541 1 87000
1542 1 87000
1543 1 87000
1544 1 87000
1545 1 87000
1546 1 87000
1547 1 87000
1548 1 87000
1549 1 87000
1550 1 87000
1551 1 87000
1552 1 87000
1553 1 87000
1554 1 87000
1555 1 87000
1556 1 87000
1557 1 87000
1558 1 87000
1559 1 87000
1560 1 87000
1561 1 87000
1562 1 87000
1563 1 87000
1564 1 87000
1565 1 87000
1566 1 87000
1567 1 87000
1568 1 87000
1569 1 87000
1570 1 87000
1571 1 87000
1572 1 87000
1573 1 87000
1574 1 87000
1575 1 87000
1576 1 87000
1577 1 87000
1578 1 87000
1579 1 87000
1580 1 87000
1581 1 87000
1582 1 87000
1583 1 87000
1584 1 87000
1585 1 87000
1586 1 87000
1587 1 87000
1588 1 87000
1589 1 87000
1590 1 87000
1591 1 87000
1592 1 87000
1593 1 87000
1594 1 87000
1595 1 87000
1596 1 87000
1597 1 87000
1598 1 87000
1599 1 87000
1600 1 87000
1601 1 87000
1602 1 87000
1603 1 87000
1604 1 87000
1605 1 87000
1606 1 87000
1607 1 87000
1608 1 87000
1609 1 87000
1610 1 87000
1611 1 87000
1612 1 87000
1613 1 87000
1614 1 87000
1615 1 87000
1616 1 87000
1617 1 87000
1618 1 87000
1619 1 87000
1620 1 87000
1621 1 87000
1622 1 87000
1623 1 87000
1624 1 87000
1625 1 87000
1626 1 87000
1627 1 87000
1628 1 87000
1629 1 87000
1630 1 87000
1631 1 87000
1632 1 87000
1633 1 87000
1634 1 87000
1635 1 87000
1636 1 87000
1637 1 87000
1638 1 87000
1639 1 87000
1640 1 87000
1641 1 87000
1642 1 87000
1643 1 87000
1644 1 87000
1645 1 87000
1646 1 87000
1647 1 87000
1648 1 87000
1649 1 87000
1650 1 87000
1651 1 87000
1652 1 87000
1653 1 87000
1654 1 87000
1655 1 87000
1656 1 87000
1657 1 87000
1658 1 87000
1659 1 87000
1660 1 87000
1661 1 87000
1662 1 87000
1663 1 87000
1664 1 87000
1665 1 87000
1666 1 87000
1667 1 87000
1668 1 87000
1669 1 87000
1670 1 87000
1671 1 87000
1672 1 87000
1673 1 87000
1674 1 87000
1675 1 87000
1676 1 87000
1677 1 87000
1678 1 87000
1679 1 87000
1680 1 87000
1681 1 87000
1682 1 87000
1683 1 87000
1684 1 87000
1685 1 87000
1686 1 87000
1687 1 87000
1688 1 87000
1689 1 87000
1690 1 87000
1691 1 87000
1692 1 87000
1693 1 87000
1694 1 87000
1695 1 87000
1696 1 87000
1697 1 87000
1698 1 87000
1699 1 87000
1700 1 87000
1701 1 87000
1702 1 87000
1703 1 87000
1704 1 87000
1705 1 87000
1706 1 87000
1707 1 87000
1708 1 87000
1709 1 87000
1710 1 87000
1711 1 87000
1712 1 87000
1713 1 87000
1714 1 87000
1715 1 87000
1716 1 87000
1717 1 87000
1718 1 87000
1719 1 87000
1720 1 87000
1721 1 87000
1722 1 87000
1723 1 87000
1724 1 87000
1725 1 87000
1726 1 87000
1727 1 87000
1728 1 87000
1729 1 87000
1730 1 87000
1731 1 87000
1732 1 87000
1733 1 87000
1734 1 87000
1735 1 87000
1736 1 87000
1737 1 87000
1738 1 87000
1739 1 87000
1740 1 87000
1741 1 87000
1742 1 87000
1743 1 87000
1744 1 87000
1745 1 87000
1746 1 87000
1747 1 87000
1748 1 87000
1749 1 87000
1750 1 87000
1751 1 87000
1752 1 87000
1753 1 87000
1754 1 87000
1755 1 87000
1756 1 87000
1757 1 87000
1758 1 87000
1759 1 87000
1760 1 87000
1761 1 87000
1762 1 87000
1763 1 87000
1764 1 87000
1765 1 87000
1766 1 87000
1767 1 87000
1768 1 87000
1769 1 87000
1770 1 87000
1771 1 87000
1772 1 87000
1773 1 87000
1774 1 87000
1775 1 87000
1776 1 87000
1777 1 87000
1778 1 87000
1779 1 87000
1780 1 87000
1781 1 87000
1782 1 87000
1783 1 87000
1784 1 87000
1785 1 87000
1786 1 87000
1787 1 87000
1788 1 87000
1789 1 87000
1790 1 87000
1791 1 87000
1792 1 87000
1793 1 87000
1794 1 87000
1795 1 87000
1796 1 87000
1797 1 87000
1798 1 87000
1799 1 87000
1800 1 87000
1801 1 87000
1802 1 87000
1803 1 87000
1804 1 87000
1805 1 87000
1806 1 87000
1807 1 87000
1808 1 87000
1809 1 87000
1810 1 87000
1811 1 87000
1812 1 87000
1813 1 87000
1814 1 87000
1815 1 87000
1816 1 87000
1817 1 87000
1818 1 87000
1819 1 87000
1820 1 87000
1821 1 87000
1822 1 87000
1823 1 87000
1824 1 87000
1825 1 87000
1826 1 87000
1827 1 87000
1828 1 87000
1829 1 87000
1830 1 87000
1831 1 87000
1832 1 87000
1833 1 87000
1834 1 87000
1835 1 87000
1836 1 87000
1837 1 87000
1838 1 87000
1839 1 87000
1840 1 87000
1841 1 87000
1842 1 87000
1843 1 87000
1844 1 87000
1845 1 87000
1846 1 87000
1847 1 87000
1848 1 87000
1849 1 87000
1850 1 87000
1851 1 87000
1852 1 87000
1853 1 87000
1854 1 87000
1855 1 87000
1856 1 87000
1857 1 87000
1858 1 87000
1859 1 87000
1860 1 87000
1861 1 87000
1862 1 87000
1863 1 87000
1864 1 87000
1865 1 87000
1866 1 87000
1867 1 87000
1868 1 87000
1869 1 87000
1870 1 87000
1871 1 87000
1872 1 87000
1873 1 87000
1874 1 87000
1875 1 87000
1876 1 87000
1877 1 87000
1878 1 87000
1879 1 87000
1880 1 87000
1881 1 87000
1882 1 87000
1883 1 87000
1884 1 87000
1885 1 87000
1886 1 87000
1887 1 87000
1888 1 87000
1889 1 87000
1890 1 87000
1891 1 87000
1892 1 87000
1893 1 87000
1894 1 87000
1895 1 87000
1896 1 87000
1897 1 87000
1898 1 87000
1899 1 87000
1900 1 87000
1901 1 87000
1902 1 87000
1903 1 87000
1904 1 87000
1905 1 87000
1906 1 87000
1907 1 87000
1908 1 87000
1909 1 87000
1910 1 87000
1911 1 87000
1912 1 87000
1913 1 87000
1914 1 87000
1915 1 87000
1916 1 87000
1917 1 87000
1918 1 87000
1919 1 87000
1920 1 87000
1921 1 87000
1922 1 87000
1923 1 87000
1924 1 87000
1925 1 87000
1926 1 87000
1927 1 87000
1928 1 87000
1929 1 87000
1930 1 87000
1931 1 87000
1932 1 87000
1933 1 87000
1934 1 87000
1935 1 87000
1936 1 87000
1937 1 87000
1938 1 87000
1939 1 87000
1940 1 87000
1941 1 87000
1942 1 87000
1943 1 87000
1944 1 87000
1945 1 87000
1946 1 87000
1947 1 87000
1948 1 87000
1949 1 87000
1950 1 87000
1951 1 87000
1952 1 87000
1953 1 87000
1954 1 87000
1955 1 87000
1956 1 87000
1957 1 87000
1958 1 87000
1959 1 87000
1960 1 87000
1961 1 87000
1962 1 87000
1963 1 87000
1964 1 87000
1965 1 87000
1966 1 87000
1967 1 87000
1968 1 87000
1969 1 87000
1970 1 87000
1971 1 87000
1972 1 87000
1973 1 87000
1974 1 87000
1975 1 87000
1976 1 87000
1977 1 87000
1978 1 87000
1979 1 87000
1980 1 87000
1981 1 87000
1982 1 87000
1983 1 87000
1984 1 87000
1985 1 87000
1986 1 87000
1987 1 87000
1988 1 87000
1989 1 87000
1990 1 87000
1991 1 87000
1992 1 87000
1993 1 87000
1994 1 87000
1995 1 87000
1996 1 87000
1997 1 87000
1998 1 87000
1999 1 87000
